
Level key:
ZERO  empty space
ONE    blank square
TWO     goal
THREE   player


1 1 1 2 1 1 0
1 1 1 1 1 1 1
1 1 3 1 0 1 1
0 1 0 1 1 1 0

0 1 1 1
1 1 1 1
1 1 1 1
1 1 1 1
0 1 1 1


1 2 2
1 1 1
3 3 1

1 1 1 1
1 1 1 1
1 1 1 1
1 1 1 1

0 2 2
1 1 0
3 3 0

1 1 1 1
1 1 1 1
1 1 1 1
1 1 1 1

Original two-separated line version
0 0 0 0 0 1 0 0 1 0
0 0 0 0 0 1 0 0 1 0
3 1 1 3 1 2 1 1 2 1
0 0 0 0 0 0 0 0 1 0 

0 0 0 0 0 0 0 0 0 0 0
0 0 0 0 0 1 1 0 1 1 0
1 1 1 1 1 1 1 1 1 1 1
1 1 1 1 1 1 1 1 1 1 1


Simpler two-separated line level
0 0 0 0 0 0 0 0 1 0 0
0 0 0 0 0 0 0 0 1 0 0
3 1 1 3 1 2 1 1 2 1 1
0 0 0 0 0 0 0 0 1 0 0

0 0 0 0 0 0 0 0 0 0 0 0
0 0 0 0 0 0 0 0 0 0 0 0
1 1 1 1 1 1 1 1 1 1 1 1
1 1 1 1 1 1 1 1 1 1 1 1



0 0 1 0 0
1 3 1 1 1
1 0 1 1 1
0 3 1 0 0
0 0 2 0 2

0 0 0 0 0 0
0 1 1 0 0 0
0 1 1 1 0 0
0 1 0 0 0 0
0 0 0 1 0 0
0 0 1 0 0 0


0 0 0 0 0
0 0 0 0 0
0 0 0 0 2
0 0 0 1 2
0 0 1 1 0
0 3 1 0 0
0 3 0 0 0

0 1 1 0 0 0
0 1 1 0 0 0
0 1 1 0 0 0
0 1 1 0 0 0
0 1 1 0 0 0
0 1 1 0 0 0
0 1 1 0 0 0
0 1 1 0 0 0


0 0 1 0 0 0
0 1 3 1 1 0
1 1 3 2 2 1
1 1 1 0 1 1
0 0 1 0 0 0

0 0 0 0 0 0 0
0 0 0 0 0 0 0
0 1 0 1 0 0 0
0 0 1 1 0 1 0
0 0 0 1 0 0 0
0 0 0 1 0 0 0




Intro level
1 1 0 1 2
1 1 1 1 1
1 1 3 1 0
1 1 1 1 1
1 1 1 1 1

0 0 0 0 0 0
0 1 0 0 1 0
0 0 1 1 0 0
0 0 1 1 0 0
0 1 0 0 1 0
0 0 0 0 0 0



0 1 1 0 1
1 3 0 0 1
0 0 0 1 0
0 0 2 1 0
1 0 0 0 1

0 0 0 0 0 0
0 1 0 0 1 0
0 0 0 0 0 0
0 1 0 0 0 1
0 0 0 0 0 0
0 0 0 1 0 1


This level is pretty good
2 1 1 0 0
1 0 1 0 0
0 0 0 0 1
1 1 0 3 0
1 1 0 0 0

0 1 0 0 0 0
0 1 0 0 1 0
0 1 0 0 0 0
0 1 1 0 1 0
0 1 0 0 0 0
0 1 0 0 0 0



Also pretty good
0 0 1 1 0
1 1 1 0 1
1 0 1 0 2
1 0 0 1 0
1 0 0 0 1
3 1 1 0 1 

0 0 0 0 0 0
0 0 1 0 1 0
1 0 0 0 0 0
1 0 1 0 0 0
0 0 0 0 1 0
1 1 0 1 1 0
0 0 0 0 0 0



It's ok, but might just be follow the dots, not thinking ahead
1 1 3 1 1 1 1 1 1
0 0 0 0 0 0 0 1 1
2 1 1 1 1 1 1 1 1

1 1 0 1 1 1 0 1 0 1
1 0 0 0 0 0 0 0 0 1
1 0 0 0 0 0 0 0 0 1
0 1 1 0 1 0 1 0 1 0


More fiddly than informative
0 1 1 1 1 0
1 0 0 0 0 1
1 0 2 1 0 1
1 0 1 1 0 1
1 0 0 0 0 1
1 0 1 1 1 3

1 1 0 0 0 1 1
1 1 0 1 0 1 1
1 0 0 1 0 1 0
0 0 0 1 0 0 0
1 0 0 1 0 0 0
1 1 1 0 0 0 0
1 1 0 0 0 0 0




0 1 0 1 1 1 0
1 0 0 0 1 2 1
0 1 0 1 0 1 0 1
0 1 1 3 1 0 1
0 0 0 1 0 0 1
0 0 0 0 1 1 0

0 0 0 0 0 0 0 0
0 0 0 0 1 0 0 0
0 0 0 0 1 0 0 0
0 0 0 1 1 0 1 0
0 0 0 1 1 1 0 0
0 0 0 0 1 0 0 0
0 0 0 1 0 0 0 0


The End

0 1 1 1 0 1 0 1 0 1 1 1 0 
0 0 1 0 0 1 0 1 0 1 0 0 0
0 0 1 0 0 1 1 1 0 1 1 0 0
0 0 1 0 0 1 0 1 0 1 0 0 0
0 0 1 0 0 3 0 1 0 1 1 1 0
0 0 0 0 0 0 0 0 0 0 0 0 0
1 1 1 0 1 0 0 1 0 1 1 1 0
1 0 0 0 1 1 0 1 0 1 0 0 1
1 1 0 0 1 0 1 1 0 1 0 0 1
1 0 0 0 1 0 0 1 0 1 0 0 1
1 1 1 0 1 0 0 1 0 1 1 1	0

0 1 1 1 1 1 1 1 1 1 1 1 1 0
0 1 1 1 1 1 1 1 1 1 1 1 1 0
0 0 1 1 0 1 1 1 1 1 1 1 0 0
0 0 1 1 0 1 1 1 1 1 1 1 0 0
0 0 1 1 0 1 1 1 1 1 1 1 1 0
0 0 1 1 0 1 1 1 1 1 1 1 1 0
1 1 1 1 1 1 0 1 1 1 1 1 1 0
1 1 1 1 1 1 1 1 1 1 1 1 1 1
1 1 1 0 1 1 1 1 1 1 1 0 1 1
1 1 1 0 1 1 1 1 1 1 1 0 1 1
1 1 1 1 1 1 0 1 1 1 1 1 1 1
1 1 1 1 1 1 0 1 1 1 1 1 1 0
